
Pattern            TP    FP    FN  Precision     Recall         F1
-----------------------------------------------------------------
Adapter           107     0    13      1.000      0.892      0.943
Builder           120     0     0      1.000      1.000      1.000
Command           120     0     0      1.000      1.000      1.000
Decorator         120    12     0      0.909      1.000      0.952
Facade            119     1     1      0.992      0.992      0.992
Factory           119     2     1      0.983      0.992      0.988
Iterator          120     0     0      1.000      1.000      1.000
Observer          120     0     0      1.000      1.000      1.000
Prototype         120     0     0      1.000      1.000      1.000
Proxy             110     1    10      0.991      0.917      0.952
Singleton         120     1     0      0.992      1.000      0.996
State             119     0     1      1.000      0.992      0.996
Strategy          118    11     2      0.915      0.983      0.948
-----------------------------------------------------------------
MACRO AVG                              0.983      0.982      0.982

Overall Accuracy: 1532/1560 = 0.982
